4.53819 0.639977
6.25968 0.450272
7.86025 0.611451
15.9206 1.19762
18.4149 0.61263
22.0175 0.508571
23.1856 0.588662
24.6583 0.570295
26.7736 0.404286
29.216 0.663288
31.4102 0.492676
37.5862 0.559977
39.454 0.384399
40.9272 0.63229
43.9873 0.414603
45.9907 0.457392
48.2067 0.455624
49.5938 0.529002
51.1071 0.463175
52.4154 0.407846
56.6475 0.504059
58.6477 0.437755
59.2783 0.376463
60.5537 0.473447
61.6765 0.431315
63.3322 0.355828
64.3337 0.566259
66.7493 0.494966
67.7144 0.359615
71.4387 0.456599
73.3449 0.387755
76.888 0.528481
80.5606 0.532744
83.2858 0.461542
87.8406 0.520635
89.4445 0.481678
91.7562 0.453968
96.3983 0.496009
99.8723 0.465057
102.064 0.612245
104.59 0.42068
109.789 0.550703
116.689 0.510363
122.639 0.442766
125.903 0.399274
127.506 0.381202
129.671 0.454308
131.681 0.438435
133.578 0.520635
135.197 0.509433
137.263 0.556689
139.898 0.444966
145.7 0.567982
146.805 0.496054
150.047 0.534399
151.048 0.583651
160.334 0.693379
162.974 0.521769
166.303 0.455646
167.766 0.641134
171.046 0.499184
174.132 0.35517
175.923 0.619592
178.829 0.544467
180.594 0.650454
182.164 0.719615
184.1 0.601905
188.192 0.539569
190.176 0.724671
193.444 0.533878
195.913 0.425669
198.698 0.632834
204.383 0.628095
206.886 0.724172
207.834 0.571882
208.82 0.637415
212.498 0.584195
213.432 0.467302
216.08 0.587347
217.928 0.4778
221.051 0.483333
223.291 0.616893
225.765 0.558027
230.556 0.583379
231.724 0.575215
237.907 0.534649
238.975 0.410385
241.761 0.48288
242.802 0.486032
246.805 0.545011
247.919 0.495079
251.409 0.477755
254.193 0.558821
256.728 0.563515
259.093 0.572517
261.113 0.54093
264.225 0.47576
265.702 0.59093
267.819 0.51415
272.568 0.540385
273.702 0.459116
276.885 0.405283
281.018 0.530612
286.645 0.59898
287.965 0.830658
290.337 0.500136
292.221 0.3722
293.859 0.383333
294.785 0.436984
297.796 0.387188
300.836 0.537778
303.03 0.547483
304.309 0.534286
307.285 0.451859
309.732 0.366304
315.726 0.41093
318.51 0.491701
320.996 0.384671
323.009 0.457234
324.944 0.446508
328.786 0.379388
331.609 0.568912
333.102 0.396939
334.512 0.465896
339.529 0.469274
340.433 0.419524
343.526 0.434989
345.362 0.477347
348.297 0.490068
351.024 0.493605
352.293 0.417234
360.271 0.540113
361.394 0.386916
362.846 0.35805
363.797 0.456621
365.1 0.427143
366.428 0.392517
367.968 0.407415
370.511 0.43737
372.264 0.386689
373.283 0.419932
375.357 0.507664
377.816 0.496463
380.308 0.528186
388.822 0.380454
391.789 0.410771
393.002 0.531361
398.495 0.420884
401.61 0.437483
403.334 0.452993
404.402 0.442698
410.848 0.492766
413.241 0.474875
416.449 0.403605
420.132 0.408458
430.56 0.702063
436.457 0.43771
444.328 0.385941
446.855 0.499909
452.22 0.378821
454.576 0.5378
457.31 0.356803
459.74 0.479592
466.916 0.377619
469.799 0.414785
473.035 0.564036
474.322 0.456621
477.309 0.40966
480.138 0.534104
482.669 0.502812
483.596 0.420794
485.684 0.597029
487.607 0.440385
